teamID,teamName,gamesPlayed,wins,losses,scoresFor,scoresAgainst,opponentCompletions,opponentTurnovers,opponentBlocks,opponentHolds,opponentBreaks,opponentHuckCompletions,opponentHuckTurnovers
empire,Empire,15,0.80,0.20,21.60,19.27,258.80,16.53,7.67,15.80,3.47,6.13,4.53
growlers,Growlers,14,0.79,0.21,20.43,18.50,259.21,20.57,9.07,14.57,3.93,6.43,5.14
union,Union,14,0.79,0.21,22.14,17.43,292.00,19.07,7.93,14.71,2.71,6.07,4.07
royal,Royal,9,0.78,0.22,21.11,19.89,200.11,20.78,10.44,15.33,4.56,8.33,2.11
breeze,Breeze,13,0.77,0.23,21.85,16.77,227.77,19.85,8.00,13.38,3.38,6.15,5.23
windchill,Wind Chill,13,0.77,0.23,21.54,17.77,238.54,21.15,8.54,13.77,4.00,6.31,4.54
flyers,Flyers,15,0.73,0.27,22.73,18.67,262.00,19.13,8.13,15.53,3.13,5.73,4.73
hustle,Hustle,13,0.69,0.31,21.00,18.85,311.77,18.46,8.38,14.15,4.62,6.62,4.85
legion,Legion,13,0.62,0.38,20.08,18.54,201.69,19.62,8.46,13.77,4.77,6.77,4.62
radicals,Radicals,12,0.58,0.42,21.42,18.50,288.67,20.33,9.75,13.25,5.08,6.00,4.33
sol,Sol,12,0.50,0.50,21.50,21.00,199.83,23.00,10.92,14.83,6.17,8.33,4.67
aviators,Aviators,12,0.42,0.58,18.33,19.58,254.17,21.92,12.00,13.50,6.00,5.92,4.50
glory,Glory,12,0.42,0.58,22.33,22.08,242.50,16.83,9.33,16.75,5.33,7.67,4.42
outlaws,Outlaws,8,0.38,0.63,21.00,22.00,222.63,20.00,10.75,16.13,5.88,10.25,3.50
rush,Rush,9,0.33,0.67,20.78,21.11,217.33,18.56,10.22,15.78,5.22,10.67,4.67
spiders,Spiders,12,0.33,0.67,19.67,20.67,268.42,20.33,11.50,13.58,7.08,6.17,5.67
alleycats,AlleyCats,12,0.25,0.75,19.75,21.17,284.17,17.00,9.25,14.17,6.83,5.17,4.92
cascades,Cascades,12,0.25,0.75,18.58,21.08,258.17,20.50,12.08,13.50,7.50,6.33,4.83
phoenix,Phoenix,12,0.25,0.75,18.08,21.42,257.50,16.92,10.75,14.42,6.92,6.17,4.67
cannons,Cannons,12,0.17,0.83,17.00,24.25,233.25,17.33,13.58,15.08,9.17,7.67,5.33
thunderbirds,Thunderbirds,12,0.08,0.92,19.00,24.08,228.50,16.75,11.83,16.08,8.00,10.42,4.83
mechanix,Mechanix,12,0.00,1.00,15.42,26.58,228.08,16.67,14.33,14.33,12.25,8.17,3.75
