teamID,teamName,gamesPlayed,wins,losses,scoresFor,scoresAgainst,opponentCompletions,opponentTurnovers,opponentBlocks,opponentHolds,opponentBreaks
legion,Legion,17,1.00,0.00,28.76,19.71,202.65,29.71,10.82,15.18,2.94
radicals,Radicals,16,0.94,0.06,25.81,17.13,299.75,31.56,10.50,12.13,3.38
rush,Rush,16,0.81,0.19,26.06,20.13,238.31,31.69,11.88,14.75,5.38
flamethrowers,FlameThrowers,15,0.73,0.27,26.00,22.93,240.27,27.13,13.33,16.80,6.13
breeze,Breeze,16,0.69,0.31,24.75,20.56,274.44,28.19,12.44,14.81,5.75
thunderbirds,Thunderbirds,16,0.69,0.31,24.56,20.88,242.00,29.13,14.00,14.69,6.19
cascades,Cascades,18,0.67,0.33,25.22,23.83,264.33,23.94,11.89,16.61,7.22
aviators,Aviators,15,0.60,0.40,23.80,22.93,229.73,22.67,11.40,15.60,7.33
flyers,Flyers,15,0.60,0.40,23.33,22.73,257.53,26.27,12.40,16.40,6.33
windchill,Wind Chill,15,0.60,0.40,21.73,23.60,250.13,27.93,14.67,14.60,8.47
alleycats,AlleyCats,14,0.57,0.43,25.71,22.57,288.00,28.93,13.14,16.14,6.43
hustle,Hustle,16,0.50,0.50,23.69,24.13,253.50,24.31,13.06,17.06,7.06
outlaws,Outlaws,14,0.50,0.50,24.29,24.00,207.93,29.07,14.36,16.36,7.64
sol,Sol,14,0.50,0.50,25.50,23.64,228.86,28.71,15.71,16.57,6.71
empire,Empire,15,0.47,0.53,21.93,20.07,245.40,28.27,13.13,13.53,6.53
riptide,Riptide,14,0.43,0.57,24.57,25.14,243.93,22.29,11.57,18.00,7.14
royal,Royal,14,0.43,0.57,21.29,23.64,249.50,27.21,15.29,14.64,9.00
cannons,Cannons,14,0.36,0.64,23.71,25.14,232.07,23.07,14.14,17.79,7.36
spiders,Spiders,14,0.36,0.64,23.86,25.79,255.64,22.71,13.79,17.29,8.50
express,Express,14,0.29,0.71,19.50,23.71,272.93,23.86,13.86,14.57,9.14
mechanix,Mechanix,14,0.29,0.71,18.43,24.07,230.86,30.50,18.00,13.43,10.64
union,Union,14,0.29,0.71,18.64,21.07,219.36,28.71,15.07,13.43,7.64
nightwatch,Nightwatch,14,0.21,0.79,21.29,27.71,265.50,20.57,13.14,17.57,10.14
growlers,Growlers,14,0.14,0.86,21.14,25.00,255.86,21.50,14.21,15.64,9.29
phoenix,Phoenix,14,0.00,1.00,15.86,27.86,247.64,22.64,17.29,14.14,13.71
revolution,Revolution,14,0.00,1.00,19.50,26.79,252.29,28.00,19.50,16.29,10.50
